0
0
29
108
0
0
23
67
75
-35
11
0
56
27
53
0
0
-68
66
62
0
0
0
59
37
105
58
-111
-114
0
0
0
0
-18
48
40
-28
-14
0
0
0
28
0
39
58
0
43
21
-2
0
0
10
0
0
43
0
-30
12
18
0
0
57
0
57
0
0
57
0
0
-49
0
0
10
-56
0
61
35
0
0
0
0
0
36
57
0
17
0
0
0
0
-47
0
0
0
0
-42
0
0
79
0
0
101
0
0
32
62
0
60
0
89
0
0
0
0
0
0
59
-23
-53
0
0
0
40
0
50
46
0
0
6
34
0
50
0
0
79
0
27
0
0
62
63
61
26
0
65
10
0
0
42
0
126
0
0
33
0
-65
0
0
55
92
0
0
0
0
0
48
92
0
0
0
0
-75
0
-4
30
64
0
-109
0
0
0
32
59
0
0
117
0
54
0
0
0
-105
27
0
8
0
0
58
58
0
0
0
35
0
19
88
61
0
0
55
0
0
40
53
0
0
0
0
-6
124
27
22
0
0
56
0
0
0
-60
0
0
20
0
0
0
34
0
55
0
0
22
0
0
0
0
-86
83
0
0
0
17
0
41
29
-128
0
23
0
0
33
4
63
3
57
0
0
63
-78
26
54
0
-37
18
0
31
0
0
0
1
0
7
0
-5
27
-31
0
0
105
58
48
-82
0
0
27
0
0
3
40
0
0
19
0
0
41
0
-3
0
27
-35
0
0
19
56
-39
8
0
0
46
68
0
51
0
39
16
-123
0
31
0
0
29
0
63
0
0
62
17
100
0
0
0
44
0
62
0
0
0
0
0
53
0
0
0
31
28
0
45
79
21
0
101
0
-35
26
33
0
37
-31
18
-27
71
0
63
-76
8
-43
0
106
-112
0
0
123
0
0
27
0
0
57
62
-94
0
34
92
0
125
0
-80
-31
20
0
0
42
19
24
114
0
22
0
19
13
6
64
0
32
-48
0
37
52
0
4
7
0
-93
0
0
0
0
0
-15
26
0
0
49
0
0
0
124
29
0
-51
0
0
0
105
45
-10
27
40
-70
0
38
1
0
0
0
-24
80
0
0
20
0
0
29
0
0
-52
65
0
-18
1
0
-26
20
0
9
-95
0
75
81
-108
45
-55
0
-26
0
0
5
0
0
1
0
12
-8
46
0
12
49
108
114
46
0
0
0
40
0
45
0
0
0
15
3
0
0
63
108
0
9
0
0
0
21
0
-24
-29
-93
0
0
0
0
0
23
-59
73
0
0
74
-59
0
0
0
51
0
5
0
61
0
20
0
0
48
0
0
0
0
0
53
40
0
35
0
18
0
0
22
7
0
0
49
0
-126
0
21
0
45
-109
2
0
44
0
-48
54
11
-7
0
20
-60
70
56
38
0
51
0
20
52
59
0
32
-7
-55
0
0
0
0
0
-106
-76
0
0
0
0
0
0
0
0
-50
17
61
0
0
90
0
21
0
0
0
0
29
0
12
40
56
0
15
58
17
47
40
0
2
40
0
0
102
0
39
41
0
37
-97
0
0
0
35
0
2
13
15
50
0
44
38
93
0
-107
34
0
-85
0
-99
84
-94
-105
0
0
0
44
0
0
24
0
49
0
0
0
24
116
0
45
0
0
0
0
85
0
-3
-23
22
0
4
-33
0
49
0
0
0
10
21
0
0
0
8
0
0
0
8
61
61
0
24
0
0
55
0
0
0
57
33
24
-75
0
14
0
96
31
0
0
37
0
0
124
-111
0
0
4
0
0
0
0
0
0
0
0
-120
0
23
0
0
0
64
-52
0
0
-23
0
-10
-13
-82
0
13
0
28
40
-59
74
21
46
-125
0
82
0
0
0
0
0
0
0
35
0
10
0
0
0
47
3
57
0
41
0
-56
-9
15
20
0
0
23
7
-66
-47
-90
10
22
4
0
0
61
0
0
13
6
70
-95
0
0
0
0
7
0
0
0
34
0
0
-3
0
18
-125
102
0
50
0
51
0
0
-42
19
52
9
10
0
0
0
58
0
0
0
45
37
0
0
0
20
0
0
0
30
61
-28
0
0
0
48
98
0
46
0
7
0
7
111
0
3
0
53
114
0
59
0
40
0
-50
92
38
-98
0
0
0
0
8
52
0
3
46
0
-26
78
0
60
0
0
0
40
0
26
30
0
95
99
8
0
32
0
25
-126
0
0
0
57
56
0
0
-21
0
0
0
62
0
-67
0
0
0
0
0
0
0
0
41
0
62
0
110
0
0
0
0
-50
38
15
0
-116
42
59
0
46
0
0
0
105
0
33
-96
-116
0
0
0
0
85
101
-90
-106
0
-38
36
17
20
-77
47
0
0
0
-83
0
0
0
0
0
0
-85
0
0
126
-46
